3.008726689303064639e+00,3.550456088146590972e+00
2.935450607304057158e+00,3.618477436841274208e+00
2.860194186739868361e+00,3.684412283198638338e+00
2.783027440863742985e+00,3.748213969034541293e+00
2.703945726538968142e+00,3.809653216748488891e+00
2.622941533748373910e+00,3.868493735970765623e+00
2.540007352474802360e+00,3.924499236331648877e+00
2.455139594084011723e+00,3.977441908912633828e+00
2.368414821075966348e+00,4.027267301477441386e+00
2.279984536517215332e+00,4.074083048678736496e+00
2.190003121267409814e+00,4.118003009468711895e+00
2.098624956186215584e+00,4.159141042799554100e+00
2.006004422133286003e+00,4.197611007623457624e+00
1.912283578605798784e+00,4.233462316782553359e+00
1.817544666596493608e+00,4.266431506200922819e+00
1.721851799601098465e+00,4.296160297071861756e+00
1.625269087095476239e+00,4.322290389562954083e+00
1.527860638555478934e+00,4.344463483841788154e+00
1.429692383704446623e+00,4.362372185298602822e+00
1.330848063457316099e+00,4.376207208885009692e+00
1.231421496612328692e+00,4.386441108643053255e+00
1.131506616502840901e+00,4.393549641714789011e+00
1.031197356462193904e+00,4.398008565242270684e+00
9.305878752911099783e-01,4.400292157755421485e+00
8.298248495126897550e-01,4.400530287230859372e+00
7.291745363192747575e-01,4.398068613141942862e+00
6.289197526392291682e-01,4.392144196424561109e+00
5.293433154009099528e-01,4.381994098014598826e+00
4.307280415326759093e-01,4.366855378847944280e+00
3.333564844057710919e-01,4.345966371770639824e+00
2.374288214966669974e-01,4.318962950546120005e+00
1.429463146067918300e-01,4.286440943547880522e+00
4.988079927001803221e-02,4.249138188476659472e+00
-4.179588897978015610e-02,4.207792523033194954e+00
-1.321119146087284812e-01,4.163141784918224175e+00
-2.210954420829542855e-01,4.115923811832485235e+00
-3.087730613804517410e-01,4.066833699757914644e+00
-3.951534063210353498e-01,4.016079099233078153e+00
-4.802336888979379936e-01,3.963557599074850835e+00
-5.640109379226027064e-01,3.909161815369993853e+00
-6.464821822064744650e-01,3.852784364205266598e+00
-7.276444505609936941e-01,3.794317861667431568e+00
-8.074947717976049821e-01,3.733654923843249485e+00
-8.860220178169174732e-01,3.670688368353618003e+00
-9.629878834479963512e-01,3.605316625720734081e+00
-1.037902452896437344e+00,3.537444343051875162e+00
-1.110262750755488526e+00,3.466976490120315280e+00
-1.179565801618402521e+00,3.393818036699326690e+00
-1.245308630078429957e+00,3.317873952562179873e+00
-1.306988260728822571e+00,3.239049207482147086e+00
-1.364101718162831878e+00,3.157248771232497475e+00
-1.416152693569072696e+00,3.072380739622645685e+00
-1.463081361035138972e+00,2.984557879848426243e+00
-1.505526301536141975e+00,2.894220449383740679e+00
-1.544188803487379857e+00,2.801838109875605554e+00
-1.579770155304152768e+00,2.707880522971033432e+00
-1.612971645401757526e+00,2.612817350317044429e+00
-1.644494562195493392e+00,2.517118253560651109e+00
-1.674919388983109991e+00,2.421196800884030331e+00
-1.703992801232680376e+00,2.325079398309969569e+00
-1.731109665207990478e+00,2.228629096221761863e+00
-1.755663606560982304e+00,2.131708368949161159e+00
-1.777048250943598973e+00,2.034179690821914299e+00
-1.794657224007782714e+00,1.935905536169768570e+00
-1.807909669879389503e+00,1.836767362266704451e+00
-1.816556014936354213e+00,1.736893064027817735e+00
-1.820578098659171307e+00,1.636582682321580995e+00
-1.819962495743734365e+00,1.536139780497081553e+00
-1.814695780885936305e+00,1.435867921903407396e+00
-1.804764528781669819e+00,1.336070669889648288e+00
-1.790184213532332258e+00,1.237034436126343895e+00
-1.771345482933945670e+00,1.138822968236216537e+00
-1.748901057707136886e+00,1.041344474636931361e+00
-1.723509021154574716e+00,9.445039810757255294e-01
-1.695827456578927972e+00,8.482065132998362067e-01
-1.666514447282863909e+00,7.523570970564987803e-01
-1.636219461960672472e+00,6.568614298220414316e-01
-1.605341024378375225e+00,5.616447766491948768e-01
-1.573993312679265566e+00,4.666545746056335320e-01
-1.542275177544833564e+00,3.718394559267600430e-01
-1.510285469656567514e+00,2.771480528479758343e-01
-1.478123039695957930e+00,1.825289976046873541e-01
-1.445886734283907682e+00,8.793093025726829437e-02
-1.413672612673424700e+00,-6.692137722841414241e-03
-1.381569090509290998e+00,-1.013714652112231440e-01
-1.349663284874833558e+00,-1.961358086841999970e-01
-1.318042312853381581e+00,-2.910139246180901140e-01
-1.286793291528262495e+00,-3.860345694892166057e-01
-1.256003337982804169e+00,-4.812264997739009731e-01
-1.225713445507545130e+00,-5.766016297760553355e-01
-1.195627010866839868e+00,-6.720485999195671134e-01
-1.165297395823488014e+00,-7.674012651215160741e-01
-1.134277281362688017e+00,-8.624932317120208580e-01
-1.102119348469637883e+00,-9.571581060211987735e-01
-1.068376278129535617e+00,-1.051229494379168461e+00
-1.032621122442302086e+00,-1.144548601269079535e+00
-9.949464794285507452e-01,-1.237150414846150293e+00
-9.559945189930872944e-01,-1.329274906220018204e+00
-9.164337932912622886e-01,-1.421171886726534384e+00
-8.769328544784257273e-01,-1.513091167701551276e+00
-8.381602547099296086e-01,-1.605282560480916665e+00
-8.007845461411241539e-01,-1.697995876400483439e+00
-7.653279786114914884e-01,-1.791426388664170366e+00
-7.316885273901158060e-01,-1.885536655301974118e+00
-6.995976895383926308e-01,-1.980227175104429582e+00
-6.687869605581071575e-01,-2.075398446280678488e+00
-6.389878359510420269e-01,-2.170950967039866786e+00
-6.099318112189815455e-01,-2.266785235591139980e+00
-5.813335081399342297e-01,-2.362795215429871476e+00
-5.527020247112707230e-01,-2.458795276530883367e+00
-5.234092753299595113e-01,-2.554546661558462883e+00
-4.928246727639915004e-01,-2.649809644367068895e+00
-4.603176297813574291e-01,-2.744344498811166044e+00
-4.252575591500474261e-01,-2.837911498745216310e+00
-3.870183410332283525e-01,-2.930271598296161795e+00
-3.452497407067876556e-01,-3.021227761989176752e+00
-3.000337161765002092e-01,-3.110648766485923034e+00
-2.514899427196225501e-01,-3.198409131844578646e+00
-1.997380956134110486e-01,-3.284383378123322927e+00
-1.448978501351235737e-01,-3.368446025380332998e+00
-8.708888156201607944e-02,-3.450471593673788195e+00
-2.643134606548261031e-02,-3.530336253155376802e+00
3.693389853653140931e-02,-3.607987207599595347e+00
1.028378799622893386e-01,-3.683468130026084530e+00
1.711096187979746219e-01,-3.756829580532890400e+00
2.415781356297731219e-01,-3.828122119218061226e+00
3.140724510438683836e-01,-3.897396306179643943e+00
3.884215856264455757e-01,-3.964702701515686822e+00
4.644545599636900612e-01,-4.030091865324236799e+00
5.420003946417852880e-01,-4.093614357703341256e+00
6.209094085369543103e-01,-4.155308775761723084e+00
7.011478763570351269e-01,-4.215148585634048928e+00
7.827213432951619643e-01,-4.273085195703143491e+00
8.656353859081328261e-01,-4.329069996735240622e+00
9.498955807527433848e-01,-4.383054379496576836e+00
1.035507504385792199e+00,-4.434989734753389534e+00
1.122476733364074830e+00,-4.484827453271912567e+00
1.210806977137463880e+00,-4.532501528786081479e+00
1.300481748849944941e+00,-4.577757773099194516e+00
1.391472214180045741e+00,-4.620226948762438113e+00
1.483749361610826600e+00,-4.659538167283181487e+00
1.577284179625343175e+00,-4.695320540168796519e+00
1.672047656706656005e+00,-4.727203178926655092e+00
1.768010588997938948e+00,-4.754816325068627947e+00
1.865095182445628108e+00,-4.778075689456702690e+00
1.963111117118418569e+00,-4.797558076987124664e+00
2.061852188769569771e+00,-4.813933613544900680e+00
2.161112193152343153e+00,-4.827872425015036661e+00
2.260684926019998819e+00,-4.840044637282539419e+00
2.360364228502424222e+00,-4.851120219597419236e+00
2.459998059397537684e+00,-4.861582333127541844e+00
2.559593317137998092e+00,-4.871365497360073959e+00
2.659185930069743353e+00,-4.880304023797965129e+00
2.758811826538706935e+00,-4.888232223944168453e+00
2.858506934890824525e+00,-4.894984409301635253e+00
2.958307175748097428e+00,-4.900394902019540311e+00
3.058231449573202809e+00,-4.904321483849506613e+00
3.158245524854135233e+00,-4.906695170581677701e+00
3.258304831101955568e+00,-4.907461228653549945e+00
3.358364797827725567e+00,-4.906564924502625935e+00
3.458380854542507876e+00,-4.903951524566405595e+00
3.558308437647358158e+00,-4.899566337348369771e+00
3.658118166068912824e+00,-4.893447366309719548e+00
3.757828054151750585e+00,-4.885921981541764048e+00
3.857465338938002475e+00,-4.877373861129832733e+00
3.957057257469798195e+00,-4.868186683159256845e+00
4.056631046789267891e+00,-4.858744125715371176e+00
4.156213942540960993e+00,-4.849429847196305765e+00
4.255826285991910929e+00,-4.840530387467559592e+00
4.355465531397960888e+00,-4.832009885577732256e+00
4.455124389973187604e+00,-4.823765667109620736e+00
4.554795572931668701e+00,-4.815695057646023791e+00
4.654471791487484467e+00,-4.807695382769741954e+00
4.754145756965134417e+00,-4.799663969619102133e+00
4.853811914281857653e+00,-4.791522565808664424e+00
4.953470830682234372e+00,-4.783279161901941023e+00
5.053124424267823045e+00,-4.774960777482407437e+00
5.152774613140183035e+00,-4.766594432133536507e+00
5.252423315400871928e+00,-4.758207145438802854e+00
5.352072449147996736e+00,-4.749825936933070203e+00
5.451723524437141144e+00,-4.741472078207856100e+00
5.551376517827843138e+00,-4.733145239066117504e+00
5.651031045699791200e+00,-4.724840015591156295e+00
5.750686724432675589e+00,-4.716551003866280567e+00
5.850343170406183901e+00,-4.708272799974793976e+00
5.950000000000002842e+00,-4.700000000000002842e+00
6.118824887186010919e+00,-4.678273835457618546e+00
6.217989735656166417e+00,-4.665285769125123494e+00
6.317286630156178084e+00,-4.653456129900057192e+00
6.416821178191195685e+00,-4.643754200095539630e+00
6.516564298020198542e+00,-4.635959969889850818e+00
6.616401021633476986e+00,-4.629095062577715858e+00
6.716214994284679385e+00,-4.622168856712518981e+00
6.815889861227446112e+00,-4.614190730847649746e+00
6.915309267715445074e+00,-4.604170063536490609e+00
7.014367973677464896e+00,-4.591208680401926756e+00
7.113097962516246042e+00,-4.575549772681005933e+00
7.211623709799622084e+00,-4.558205841509447076e+00
7.310071420767574324e+00,-4.540203774689193672e+00
7.408567300660107158e+00,-4.522570460022183880e+00
7.507237554717200112e+00,-4.506332785310361189e+00
7.606202749810016428e+00,-4.492471838804920736e+00
7.705487181834156374e+00,-4.481186715317607927e+00
7.805034433889951551e+00,-4.472020892782845536e+00
7.904785592683923667e+00,-4.464497571334962167e+00
8.004681744922576669e+00,-4.458139951108290866e+00
8.104663977312414502e+00,-4.452471232237161125e+00
8.204673364062896823e+00,-4.447014724473580038e+00
8.304650746360804803e+00,-4.441295781523949771e+00
8.404536759104667354e+00,-4.434841566548692882e+00
8.504272030067737020e+00,-4.427179305207395110e+00
8.603797187023266346e+00,-4.417836223159644859e+00
8.703052857744504323e+00,-4.406339546065029644e+00
8.801984201250180107e+00,-4.392252562036007113e+00
8.900628941412033868e+00,-4.375875247511625155e+00
8.999111321243161044e+00,-4.358196151746673408e+00
9.097558904130281121e+00,-4.340230249582042177e+00
9.196099253460126022e+00,-4.322992515858623541e+00
9.294859932619409904e+00,-4.307497925417310469e+00
9.393964894571846358e+00,-4.294733009686708236e+00
9.493427826441054762e+00,-4.284815610546602649e+00
9.593134495456942190e+00,-4.276855799250134815e+00
9.692963503186287966e+00,-4.269907194964496000e+00
9.792793451195857202e+00,-4.263023416856874803e+00
9.892502941052430998e+00,-4.255258084094459825e+00
9.991972382269391773e+00,-4.245677751014403256e+00
1.009114401430786678e+01,-4.233791341699562061e+00
1.019003582113561635e+01,-4.219649703351905146e+00
1.028867041357026579e+01,-4.203336786523445667e+00
1.038707040242946356e+01,-4.184936541766192342e+00
1.048525839853083852e+01,-4.164532919632157437e+00
1.058325436971182576e+01,-4.142206286850151464e+00
1.068092659324654115e+01,-4.117831321071326656e+00
1.077791210350268791e+01,-4.090969139636309038e+00
1.087382848936981361e+01,-4.061154492243721492e+00
1.096829333973745513e+01,-4.027922128592189566e+00
1.106092424349514935e+01,-3.990806798380332587e+00
1.115133879015480289e+01,-3.949343252193893594e+00
1.123934704884274716e+01,-3.903340599017978363e+00
1.132549511753130744e+01,-3.853657075542262334e+00
1.141050499877147217e+01,-3.801401650975774871e+00
1.149509869511423510e+01,-3.747683294527540898e+00
1.157999820911059530e+01,-3.693610975406586672e+00
1.166592322233188206e+01,-3.640290917283646177e+00
1.175298478235957411e+01,-3.588109377189321325e+00
1.183987370986412202e+01,-3.535772594254555923e+00
1.192507862055773415e+01,-3.481747614882258812e+00
1.200708813015261001e+01,-3.424501485475337503e+00
1.208439085436094906e+01,-3.362501252436705723e+00
1.215547572382993735e+01,-3.294214281844478176e+00
1.221958468476978688e+01,-3.218872289364067996e+00
1.227832713020313449e+01,-3.138110071131964496e+00
1.233377651718048540e+01,-3.054033472178708131e+00
1.238800630275234660e+01,-2.968748337534846460e+00
1.244282734678263935e+01,-2.884128775727834437e+00
1.249797750939876906e+01,-2.800219516547182597e+00
1.255221113250289910e+01,-2.716197355600831642e+00
1.260427662625788336e+01,-2.631233853861341565e+00
1.265292250385966000e+01,-2.544500632769780779e+00
1.269740019272097165e+01,-2.455464466243833854e+00
1.273862946583741085e+01,-2.364571254092294517e+00
1.277787559495827807e+01,-2.272469663930908546e+00
1.281640385183286668e+01,-2.179808363375421720e+00
1.285547833241580129e+01,-2.087235535832380418e+00
1.289571095695494840e+01,-1.995130789345277433e+00
1.293597922871318673e+01,-1.903159474025953202e+00
1.297487551226500457e+01,-1.810869515761523774e+00
1.301099217218489734e+01,-1.717808840439104534e+00
1.304292157304736222e+01,-1.623525373945817973e+00
1.306946827278159162e+01,-1.527631564333362002e+00
1.309126513071473852e+01,-1.430295795836751260e+00
1.310987857439084259e+01,-1.331970325115922948e+00
1.312688251666660832e+01,-1.233109684908577419e+00
1.314385087039874378e+01,-1.134168407952420354e+00
1.316223014338605957e+01,-1.035569109738441407e+00
1.318191562361955604e+01,-9.373457974393902825e-01
1.320176746970598813e+01,-8.392731597954043998e-01
1.322062697742106430e+01,-7.411211600699243451e-01
1.323733544254049477e+01,-6.426597615263919261e-01
1.325073430746031811e+01,-5.436589548343659928e-01
1.326034282817671972e+01,-4.440154268347408784e-01
1.326792070978416938e+01,-3.440446466454675223e-01
1.327568993108436857e+01,-2.441484910765336913e-01
1.328587247087902057e+01,-1.447288369379271522e-01
1.330069026695707990e+01,-4.618755335651457405e-02
1.332158447308379579e+01,5.121975883701988114e-02
1.334721661678494620e+01,1.477582205245944469e-01
1.337562993453046012e+01,2.438087802389593273e-01
1.340486766279028075e+01,3.397523865128648235e-01
1.343297303803434950e+01,4.359699878790542771e-01
1.345800897537391450e+01,5.328386627976129386e-01
1.347918016006652664e+01,6.305109450875447941e-01
1.349743898185437097e+01,7.287956586911843448e-01
1.351388562395025339e+01,8.274725619531009269e-01
1.352962026956697983e+01,9.263214132178576588e-01
1.354574310191735975e+01,1.025121970830038309e+00
1.356322218457202133e+01,1.123678240698846365e+00
1.358186739704119539e+01,1.222006787157120078e+00
1.360088876041425721e+01,1.320234264949658787e+00
1.361949123235623738e+01,1.418488258097983623e+00
1.363687977053217537e+01,1.516896350623636591e+00
1.365226009744387348e+01,1.615586005189791008e+00
1.366513752978838703e+01,1.714637147183108778e+00
1.367577082173969671e+01,1.814010152392006470e+00
1.368453529820033054e+01,1.913646900068430634e+00
1.369180628407282185e+01,2.013489269464349363e+00
1.369795910425968977e+01,2.113479139831708320e+00
1.370332706813148249e+01,2.213558897029772154e+00
1.370769436041585365e+01,2.313677548053952648e+00
1.371045976557908652e+01,2.413788746909468763e+00
1.371101408953933287e+01,2.513846243803858904e+00
1.370874813821474447e+01,2.613803788944640161e+00
1.370305271752347309e+01,2.713615132539337615e+00
1.369334837152444706e+01,2.813225581559084088e+00
1.367944430878148410e+01,2.912470093564924145e+00
1.366142252001032631e+01,3.011106177961047514e+00
1.363937064305710933e+01,3.108889740821502823e+00
1.361337631576797769e+01,3.205576688220346249e+00
1.358354004047338748e+01,3.300936378301607466e+00
1.355021361586576667e+01,3.395000943538933669e+00
1.351397761027937960e+01,3.488041735107004992e+00
1.347542093872768199e+01,3.580338832094444701e+00
1.343513251622412596e+01,3.672172313589880943e+00
1.339370024860417807e+01,3.763821533507580419e+00
1.335126775892474349e+01,3.855246593374137110e+00
1.330683920919132035e+01,3.945588801643691745e+00
1.325923864403142005e+01,4.033860038159226669e+00
1.320729010807255932e+01,4.119072182763730439e+00
1.314981764595379232e+01,4.200237115308544489e+00
1.308607294635394958e+01,4.276676337040419718e+00
1.301700290579396935e+01,4.348938707870725118e+00
1.294397441513199709e+01,4.417877170594366021e+00
1.286835436522617471e+01,4.484344668006253087e+00
1.279139115948647287e+01,4.549103179128074714e+00
1.271333683203218357e+01,4.612149762210622228e+00
1.263394482359976223e+01,4.673098701328171956e+00
1.255296486608797402e+01,4.731561433250255355e+00
1.247014669139557697e+01,4.787149394746411879e+00
1.238527089920740742e+01,4.839514801537791122e+00
1.229837765859375587e+01,4.888652782419652176e+00
1.220963702980002452e+01,4.934730063396465916e+00
1.211922003928033220e+01,4.977914646916043573e+00
1.202729771348882082e+01,5.018374535426189276e+00
1.193404102766300312e+01,5.056277003563582895e+00
1.183960451522882273e+01,5.091555680460206901e+00
1.174410280779376947e+01,5.123577172539986790e+00
1.164764460124048462e+01,5.151623736919118457e+00
1.155033859145162545e+01,5.174977630713792465e+00
1.145229347430984745e+01,5.192921111040203819e+00
1.135361726714006636e+01,5.204771431867094122e+00
1.125439987924609397e+01,5.210779774693885535e+00
1.115471160266699968e+01,5.212209088319077033e+00
1.105462174842884338e+01,5.210372917630636813e+00
1.095419962755770094e+01,5.206584807516533075e+00
1.085351455107962160e+01,5.202158302864733130e+00
1.075263949540816988e+01,5.198359591063629104e+00
1.065174525164708008e+01,5.195191075206148312e+00
1.055110857812093883e+01,5.191286041851846278e+00
1.045101153232440439e+01,5.185209311280846833e+00
1.035173617175212257e+01,5.175525703773273811e+00
1.025356455389874988e+01,5.160800039609249268e+00
1.015677321641871877e+01,5.139632981912786391e+00
1.006147484697178740e+01,5.111689146666170913e+00
9.967594715264393557e+00,5.077850140230829368e+00
9.875047830868380672e+00,5.039064192708579526e+00
9.783749203355609936e+00,4.996279534201245376e+00
9.693613842297928329e+00,4.950444394810645576e+00
9.604556757267193490e+00,4.902507004638602339e+00
9.516533349851229673e+00,4.853235521130896402e+00
9.429687615029131109e+00,4.802557328821443150e+00
9.344218545746565852e+00,4.750154624434701489e+00
9.260325141405488125e+00,4.695709575912110800e+00
9.178206401407864590e+00,4.638904351195114018e+00
9.098061325155665457e+00,4.579421118225158516e+00
9.020088912050846730e+00,4.516942044943679235e+00
8.944492650378025544e+00,4.451179797572162755e+00
8.871516782233829446e+00,4.382123931096530534e+00
8.801427269426945088e+00,4.309911568151932215e+00
8.734490276428605426e+00,4.234681208299511113e+00
8.670971967710036310e+00,4.156571351100397216e+00
8.611138507742481352e+00,4.075720496115729397e+00
8.555256060997164624e+00,3.992267142906639421e+00
8.503590791945319083e+00,3.906349791034267938e+00
8.456298903744063011e+00,3.818135507279263763e+00
8.412988981161863222e+00,3.727933626044676263e+00
8.373099468365403197e+00,3.636097683132557989e+00
8.336068756228097953e+00,3.542981228190185128e+00
8.301335235623369613e+00,3.448937810864842302e+00
8.268337297424640298e+00,3.354320980803815466e+00
8.236530508004657136e+00,3.259475400789078492e+00
8.205942250710188901e+00,3.164449866779323717e+00
8.177291571553151783e+00,3.068935297921545402e+00
8.151338933557148891e+00,2.972601183569238081e+00
8.128844799745790439e+00,2.875117013075896732e+00
8.110569633142672430e+00,2.776152275795004787e+00
8.097263834383790382e+00,2.675380682176116576e+00
8.088364733862803746e+00,2.573026765776490699e+00
8.080706421718762300e+00,2.470407099894288194e+00
8.070816351335484029e+00,2.368966889644167573e+00
8.055221976096779812e+00,2.270151340140777130e+00
8.030450749386465858e+00,2.175405656498779372e+00
7.993034114175055826e+00,2.086174105742470530e+00
7.941014058616716831e+00,2.003545773277550346e+00
7.876209090276104163e+00,1.927721753676043592e+00
7.801018253833017724e+00,1.858766637078024031e+00
7.717840593967268958e+00,1.796745013623574971e+00
7.629075155358651550e+00,1.741721473452769731e+00
7.537119997088052692e+00,1.693759991946072629e+00
7.443834351073472355e+00,1.652588455257036903e+00
7.349647588954384858e+00,1.617042885378120687e+00
7.254754562753755742e+00,1.585813024525934534e+00
7.159350124494545220e+00,1.557588614917084113e+00
7.063629126199717945e+00,1.531059398768178204e+00
6.967786419892239458e+00,1.504915118295825138e+00
6.872007522143372960e+00,1.477945311323775268e+00
6.776412057184135307e+00,1.449643902171344090e+00
6.681091287884033392e+00,1.419807996983715626e+00
6.586136366608673853e+00,1.388235883188546849e+00
6.491638445723658890e+00,1.354725848213494510e+00
6.397688677594580042e+00,1.319076179486212252e+00
6.304373009284827134e+00,1.281109951456630203e+00
6.211651756076249420e+00,1.241248481987866192e+00
6.119356227786608926e+00,1.200527397426376375e+00
6.027311854046393691e+00,1.160010324862227327e+00
5.935344064486081983e+00,1.120760891385482072e+00
5.843278288736163617e+00,1.083842724086208298e+00
5.750939956427119526e+00,1.050319450054469250e+00
5.658160616151108435e+00,1.020735327256341085e+00
5.564797049739226509e+00,9.934928507414354515e-01
5.470712542502998765e+00,9.664425090064300283e-01
5.375770379760579587e+00,9.374347899867235823e-01
5.279833846830109145e+00,9.043201816177108832e-01
5.182766229029736493e+00,8.649491718347894764e-01
5.084491968742926638e+00,8.175971106093631313e-01
4.985650031102263569e+00,7.655031830545407923e-01
4.887342065406540925e+00,7.151208707162087785e-01
4.790677509174364523e+00,6.729577604004496338e-01
4.696765799924350837e+00,6.455214389133515640e-01
4.606716375175115452e+00,6.393194930610003324e-01
4.521634480358486918e+00,6.607648979697938740e-01
4.442386730489558566e+00,7.108849519514774951e-01
4.369477093352163166e+00,7.825223270166260514e-01
4.303379171241825674e+00,8.678343730419999513e-01
4.244566342786339597e+00,9.589797837991588247e-01
4.193199095786883213e+00,1.049997239727032738e+00
4.148502994389750675e+00,1.140542856666089122e+00
4.109529740019739030e+00,1.231317394692324596e+00
4.075331034101644434e+00,1.323021613881727010e+00
4.044957986107576176e+00,1.416354898914625515e+00
4.017281346553129850e+00,1.511597572392751720e+00
3.990738443451197881e+00,1.608022904435256528e+00
3.963702830412319855e+00,1.704755986029382608e+00
3.934548061047037582e+00,1.800921908162361085e+00
3.901647688965895533e+00,1.895645761821425079e+00
3.863909350756265848e+00,1.988307161836746273e+00
3.822697185856335000e+00,2.079456399830062363e+00
3.780081146188445818e+00,2.169980131085042618e+00
3.738131245583472761e+00,2.260765040388622804e+00
3.698917481657692186e+00,2.352697805560729716e+00
3.663791328516190937e+00,2.446356372849759264e+00
3.631470053662380515e+00,2.541186835848966652e+00
3.600067415677925098e+00,2.636375975470897082e+00
3.567697173144491529e+00,2.731110572628084654e+00
3.532473084643746208e+00,2.824577408233063025e+00
3.492511279755654119e+00,2.915964024495457885e+00
3.446618297643969875e+00,3.004679645268828470e+00
3.395245447319249266e+00,3.090661608865344245e+00
3.339083716183793182e+00,3.173924211248316585e+00
3.278824091639902516e+00,3.254481748381055528e+00
3.215157561089871940e+00,3.332348516226881330e+00
3.148734489283772753e+00,3.407549693343491004e+00
3.079872572284688026e+00,3.480199578476136146e+00
